1012370
1467169
1013468
1367373
1564703
277141
740408
11525
1908936
1723415
1559209
1721010
1187737
1457220
12139
465842
99734
1639199
2179139
374934
2169930
11900
1113519
11600
1989553
913455
12200
278734
1648119
1818064
11650
11825
11475
12150
1012800
1992431
1900812
2082275
11600
650455
100529
12125
11700
11800
1803732
99857
2162439
281132
557467
837060
1654096
1709320
11425
1015414
917424
372340
12050
11750
11775
1008759
1371551
2071306
11500
1723917
830215
1576153
922839
1648094
912362
11850
1009701
374934
1719123
1566461
834478
11875
2170074
1116279
12025
2164204
834065
1639038
11700
920865
1173139
11800
733869
12075
2081460
1816939
2071550
277865
185723
1647537
378226
1014955
2252456
12300
738538
1907924
467455
1646645
2081588
276413
1722206
834092
1110801
1382764
11850
11725
11600
1291285
100455
11300
557717
185648
12125
1815359
648790
1816997
1181293
1909916
465367
1179920
376663
2265175
2176712
1983426
11905
1012475
1276510
12075
11823
279234
643568
11875
1823574
375930
375175
1013947
830678
278198
2266643
1284058
12325
374401
1648254
2161016
11900
1286321
1380715
12050
12325
2065518
11525
11975
1120764
1558690
831028
2069752
99834
11475
742245
185798
463668
833509
1464885
12075
2159193
1379285
737494
1280075
11700
1369053
1465526
732469
278784
99759
278020
462357
12023
1648885
11825
12075
646001
1736747
12057
11525
185718
644378
11900
1283968
553281
829438
12325
1275373
1562517
280042
11575
11875
279822
12125
11600
11575
11475
1117685
2177052
1910068
459933
11800
99182
826684
99544
185348
11700
2258858
647862
11875
11675
12225
11600
2277058
12100
1906636
11675
2163003
1293749
2074551
652211
912573
12125
648490
2167017
11450
643929
185798
1815819
12125
278098
1455235
1375894
1715191
742221
11875
2165914
463443
1378480
11450
1174717
1901471
12100
185848
185123
2174748
1907753
11400
12125
1386369
11625
12025
11425
11775
2169689
830577
373000
377363
11475
11500
11625
1386807
1999262
919800
11350
277690
2258443
1462882
737410
11675
1565048
1182924
463343
375084
913168
1994288
557292
11725
12100
739666
1992959
2269056
466930
1386819
1284507
11950
277570
1280899
11550
11680
11575
640792
1372066
12250
1909409
2177427
375159
11825
11850
643518
11900
12191
461722
185223
739861
12025
1820319
822548
1283540
2163594
828104
639408
99712
11800
1291745
1817740
464772
2175123
99480
11700
1000823
1722921
374573
11850
1646248
186343
2173632
11725
12125
2079639
11882
12350
1725522
643168
828576
1904005
1561101
1007336
1014601
12300
1995984
1287003
11450
1998554
645951
278883
555417
909828
1990903
2255398
1649999
1379964
460208
1984091
2262011
11850
1716957
1456457
2162825
1016381
1290048
1709125
1389047
11775
12200
11505
1011216
11825
12300
1555418
1006106
11625
11575
1276587
1174747
11800
1654408
1105502
12025
1722281
11432
11455
925793
732614
553476
2179443
556654
11950
12125
374848
11857
11675
1015289
11525
12100
11825
11907
2074022
12100
556704
11825
12025
1115305
1977114
1466055
2091571
648790
278623
1461978
372976
11900
2094453
11700
561919
1460643
11650
99859
1802456
2082647
279597
1381895
743037
100459
729383
11475
11600
11525
375555
11950
277568
1991219
911746
1722941
2071368
1372284
1988287
1810289
1014086
2164704
1018935
11900
1375204
463218
1716817
11875
100109
462649
1568702
1008210
11400
1380519
11600
276982
1998938
11750
1184508
830966
836810
11500
1820699
11725
100134
641281
11925
1911016
11450
1566677
1557372
11650
2259737
824464
1995958
2278296
2153657
1382013
462156
459454
11600
833567
1469830
1187737
1119781
1902382
1114845
1572397
2167321
11528
1120151
12075
185073
1015909
11625
1001427
11400
12075
1724800
1736155
11850
278809
827099
2258606
1728782
12100
462682
11525
741796
2174349
11925
11925
826088
1457035
825843
643829
11625
184045
1553415
1464903
279922
919150
1718807
462433
11475
1274436
642443
2094440
12100
1180790
11925
11932
1651666
12000
1010293
2159851
277640
11900
825923
915459
1899788
919772
733565
12000
99737
12025
1288697
12264
12050
461554
1290164
2164731
1115677
831108
12089
1281346
1805460
185090
11500
2259450
1455561
1277951
11875
1810306
464184
1008095
12000
11925
11550
278934
733620
1458826
462772
11700
11700
11575
561619
12028
1456774
12050
11425
1285048
11750
11750
11775
1986582
12200
825602
279059
1380560
1715287
1009794
1976918
1806674
561379
1991921
12125
2267256
1729047
2064479
1984838
11350
11675
11900
2253278
1113932
11850
1288182
558639
1912729
11900
463768
11625
824796
12025
560956
375434
1910645
1648123
909277
11750
12078
2256724
11850
11750
1007985
2255229
1173657
643493
1007476
638905
11400
1186988
1000784
185173
183909
101054
11975
2069137
1648915
11425
11691
831041
1829119
11925
12000
1461698
1372287
1452621
1296579
12250
1726586
2267022
376168
1994890
1651655
2082490
460431
1461639
11550
2171080
2158718
12075
1999775
459906
1389837
12175
1465806
11500
11657
1117607
11725
1466401
2002286
1122735
11475
2078206
836261
1911984
11823
1463532
465022
1910407
1002801
460142
11875
464359
12075
11925
734159
1286300
830401
1911608
185848
557442
100534
11875
922489
1010901
1712613
11375
1558108
2079306
185748
1979335
11550
100184
11925
1573112
919007
377113
12000
1910736
1388474
557004
1894411
1018993
11900
1895168
1011957
1913092
185473
646226
11625
1557833
99759
2270947
1995673
641633
1288181
374273
1718656
1656642
11425
1114930
2168153
1377015
558287
2264403
278198
11525
1465091
1646855
463567
100234
556118
11550
12025
99950
1107957
916738
11891
278204
1184017
1717150
1655297
375409
375559
826641
11975
1376343
1915239
374834
1655473
465792
1464750
1713991
100504
1652872
1467839
1910689
914418
277429
12075
12300
1825270
11850
1380585
280097
925593
1116429
2076068
99984
1107823
1015289
1192238
1556840
826134
1727512
12300
838201
2258672
1292373
1385656
374273
643817
1563380
1375418
1980640
12066
11825
1114830
12175
1287875
2247717
374809
1662057
185198
11400
1369178
12200
184863
2167362
11548
1014762
11975
829863
1189105
1981805
461012
12200
2071442
1563435
558237
1562953
1183510
11325
278848
1463524
1008250
11725
1806051
277363
11641
2155644
2268905
1562931
12150
460158
2155069
2158730
11950
277152
463826
374734
1902885
11350
558408
649657
1819390
184372
11489
1180109
12275
11300
11616
11625
2171117
12025
1173162
559271
11700
1009654
1988325
2087258
1566477
372678
1370967
1176221
11450
1573913
916084
12175
11625
1384221
834330
12000
279447
276738
1111863
11548
12175
12025
11625
2261277
1917231
1003166
917581
1454839
1121759
374884
1906661
11950
11975
834825
11625
11750
12025
99959
1454865
1108625
277034
1014711
1648769
1109272
1570053
1831669
12025
735521
1638119
1454606
12075
1374674
185198
11873
12132
11725
12064
1388559
1291819
1725860
11450
12175
2084687
2171871
12000
2081465
1280009
11725
1727673
1911752
11450
12050
728489
1282820
279867
736941
11775
1728267
11600
2255561
910815
12216
11650
1192988
921576
278709
1565870
11350
11425
1995561
1283036
11480
1986564
466680
2078275
276218
733440
12050
11900
914853
1115455
736802
1647999
552601
1720548
1189380
374959
11425
556829
12150
12125
1188684
823033
465222
1185271
11850
11996
11825
559748
11575
1109826
12125
12075
1986255
11900
1384620
276959
11787
11675
736327
650680
11900
835300
11750
11500
12050
1185064
556804
12100
11625
11800
1112263
463218
1822938
12100
830335
1124568
12125
12325
11941
12153
2090350
11600
829558
1275545
1275933
1914962
1646473
99264
11700
821898
2074395
11600
1566783
2257061
11550
12050
1378591
1463429
278715
733919
826232
2260633
12025
2171511
100484
1903402
2076141
1109434
12300
736239
279309
913591
376183
909293
2266858
12050
1182004
911872
2265542
12096
557867
2167658
11675
11900
11400
378201
11500
1722381
1288237
2083097
1648660
2092716
2171884
12075
185348
1657190
12239
462981
1011586
11850
1720835
1466000
1188809
1293575
1648238
2003868
374227
11925
823176
917651
11675
1720831
11700
11450
463418
1012032
919600
465297
556068
1371201
12175
1998648
1909270
1468297
11850
836545
1642757
2255393
11600
1820807
2264133
2170443
1726186
374984
11800
465492
1911229
374759
1173019
11700
2169431
11525
185498
279209
557592
277497
11650
11921
830578
1177455
374223
826075
913725
280982
1653025
643979
11575
2075667
11400
734880
1174534
12150
1808930
11725
1990031
276288
1654187
12000
2094678
911018
1180868
376118
1459853
12350
1189309
922414
1289170
2077586
184059
1006657
1648448
375993
12100
1920968
12100
11400
1560894
372919
12000
11396
12250
12075
1644080
99898
464748
12200
11850
1921368
1009470
1284482
1985896
1980340
1575528
12075
11825
557054
373017
11650
11950
2181073
1566461
278734
12200
460733
911073
556243
12150
735475
1908471
12250
462524
644902
1721654
11650
12300
100084
1979510
1730706
2156313
11975
11450
561744
2068533
377188
185152
1003160
1994830
736735
11850
2162055
827945
12000
459729
11650
463693
560706
11425
278709
1012850
279309
1280060
1283518
1713653
373999
555968
920295
558587
11975
1982157
730306
1911943
11750
374759
1012057
2262073
826868
11550
558396
12000
2259537
1008725
823820
2069426
11675
11675
463693
12300
1811433
11523
11575
1285168
11946
12050
1717788
374698
12025
11525
1381943
100059
1389862
463543
554947
11675
1565736
11850
1018593
1460443
277979
1993298
12275
2267926
2089239
12182
11500
11725
11600
1568317
2253558
12055
11825
374948
1115261
1708604
1906886
1659697
1570211
1387207
1292733
11975
1816018
11850
11500
826102
1006938
1119440
1009896
1373252
185048
554573
11925
1011891
12000
375880
1905860
1123244
12275
913738
555448
11500
1462535
12050
462270
1575116
460374
186168
1983674
11900
2084612
11750
2269913
279009
11975
1377821
460553
11550
11764
557204
1107058
12025
1287218
2172471
827929
1186227
2247010
916090
1825154
1720860
11675
1566952
1638485
278323
1648484
2269713
1289891
1573952
1014437
372247
1714117
2069714
1646900
830628
1658280
11975
1828557
737285
1650878
1119140
11525
1120565
11825
11950
99303
1554227
1913071
2273419
462932
1185652
1568114
1914336
2171336
12250
648690
2092002
11550
1008709
915819
824307
908500
463157
1722599
460303
11550
11925
1650569
11350
1104834
186443
11555
374398
11775
374598
828216
12025
920365
2265690
916855
185148
1376444
1112963
1452537
1109940
278734
11650
1564405
279434
2084953
12250
830910
1555949
2079008
1374420
11450
277838
1561355
11875
12225
11725
11775
11525
1462160
12100
908879
1280971
2069132
828729
1802149
11475
737152
1114789
1123427
2157858
1378929
11500
99121
99784
829102
185673
184998
11925
12250
11516
1390336
1574263
2177568
2266594
374304
464834
100459
1898724
12250
12075
1639797
1382955
11600
1112720
2269103
185673
12000
1638503
1908193
2169396
1004108
11550
1648384
1910070
185698
12075
1006171
1823296
1191128
1563496
1899058
11825
2080125
1451023
279779
12000
1566377
1823074
11600
1286647
1654253
2160130
99734
1922605
825286
1292808
12300
184998
12075
1719977
1723543
11650
11525
1736330
377901
919525
1915224
1556470
1648661
834775
1466355
11950
1011273
830928
11825
464388
2253942
12225
12000
11425
2166653
1014439
2077727
11475
12200
1182388
1722055
1003264
561619
1909897
1998195
1465415
185023
732636
1106413
1104636
11825
11525
1106446
919149
1657217
11675
1714283
2251527
373699
12075
1729491
1896548
1909998
1014489
918404
1451214
11675
12150
919007
1724947
1011541
2161149
727550
1187939
1912103
1804712
11800
2081313
12100
556668
1115603
11450
11700
648652
553342
184143
1108754
1381218
11775
2270466
1012504
279034
185123
463268
11975
1018193
1381013
1471413
914392
1002480
1462464
1900003
11425
99809
462332
915370
1983768
279347
1553668
11975
1012875
2255613
375159
1286464
1817837
1011024
2069877
2265465
909969
556293
735676
1724943
1553699
557029
2094553
554187
11725
556729
641884
12275
11525
731183
1648334
11575
734965
2252362
12050
12175
1643353
372935
11914
1462640
374784
12150
909539
643618
186118
462757
467080
1991380
466590
1814909
99069
557717
735483
911399
11725
11550
1006000
100234
1808450
1653586
462860
554158
1112838
11675
1642569
1104020
1184079
11375
1370262
1721279
1830279
2263864
911993
1176905
11950
11525
12175
465867
12075
11700
11800
12025
11750
2257739
2259090
12250
2258565
11775
2165872
1722740
2096692
11600
99714
646226
2248893
2161428
2170938
1184826
1817514
2258499
1822489
12250
11400
1988972
11750
2257105
735596
1900368
11775
1016034
12200
644737
11600
1112838
11725
185048
1282069
100134
2246446
2275985
460006
1657831
12150
1817814
1287221
2261474
1470187
642579
12025
1005236
12125
11675
185648
12000
11950
462993
1985713
372151
11900
555712
1819542
277911
1995412
1378268
11700
1173051
731244
100534
11750
1900580
1372241
1731716
2072190
1017579
2263544
1659077
1114126
1905938
11625
2254362
12000
559823
1817164
12200
1288602
1008643
99984
1712744
11725
11475
737842
11550
556929
1638426
2080648
556105
1658326
650895
918832
11896
100284
99503
1718305
11875
279209
100604
728546
1377093
1713665
11750
11675
1913096
1190283
1921198
11575
915405
731372
466630
1177929
1915974
463168
554385
1569908
1923462
11914
826679
279772
1279698
11625
1282358
185048
2257160
185623
1182922
11675
1178616
1993219
99614
732481
1999710
11500
1292883
2160848
1919176
2069955
1831886
734857
1370815
278498
1189559
12150
11625
1715302
2263742
459663
11950
1641969
11575
729942
2165977
2254523
1913308
12275
11407
1375769
1107741
99355
375409
11750
12130
2082282
11625
12300
185248
1565671
1116808
11375
1471277
11900
11800
1567792
1004023
279822
12125
11900
827329
1905303
1005607
12125
12250
1647420
100284
11925
557823
11700
12125
831316
460581
1812791
1822243
1007959
2180257
1463469
1114930
559158
1811595
1004908
12100
1274250
11825
822041
11850
12214
1285103
12150
277422
1190703
1117283
2068381
1990837
831167
556443
1823985
462236
1375117
1115215
11700
11850
11675
374698
12075
1729191
100209
1114830
12150
378376
11850
559171
12050
11850
1115108
11450
1721622
1718543
99378
1376509
1456248
11700
460247
824592
2265694
99934
1555452
11625
185223
1996129
12100
1015764
2157892
12025
2006594
11991
1998390
1367239
1017066
185098
1280491
1721484
11525
1011069
1732207
11530
1735598
1995063
1642696
278445
1564234
185673
1994086
11575
732744
12300
647412
11775
1184567
1107899
1183934
277029
2174395
185868
12050
11773
827657
12150
99909
11350
827929
1378069
11950
553719
11500
1815495
2168909
554923
12100
278308
2246960
1013699
908689
11575
11450
2007567
1650636
645451
1367693
11750
2078295
11707
466930
11625
826238
11975
463193
644046
12000
280142
12271
12025
11741
1820635
1649955
1463554
1463756
637694
1017719
374329
184452
12375
12164
11700
832329
276832
11675
280557
12250
462757
643243
184640
2070476
2247184
11982
2173034
2082333
11950
556200
11980
735571
12150
12225
11607
1555975
742745
735409
922539
374713
1174481
735096
99807
1459449
11675
1373307
1119587
12200
1002687
638373
11725
463007
11800
2166154
12166
11850
1647004
1111863
1729742
11828
1644326
99784
2265416
2070425
11775
1385241
1566981
1982554
1119661
11600
1291428
2070794
920305
1115320
12150
1178739
279234
644470
1996024
12225
11350
11550
99273
11675
11550
1469750
464238
12150
100234
2083883
647404
1723090
560981
11800
11816
1455499
1372820
11725
2261493
99991
645533
1375759
1462669
1559731
100409
12000
732744
1470190
925543
1821961
1469001
1113326
11875
1814654
734279
1995438
1570022
375209
2247691
2266756
12073
1377618
375234
1905786
1105830
1120529
279234
1826454
11721
1378243
11450
1662839
1976624
1814717
1121114
12025
12173
2073958
12025
11600
11950
12125
1975661
11750
1369560
11900
557517
831416
11825
556679
99734
11875
1172255
11725
2151788
1988050
920765
1557299
2171106
277029
826609
11850
466905
11875
12125
461195
279258
1283318
184763
1642725
1469572
12100
2156506
639115
11650
2090865
11625
556729
1451746
2275273
1384166
734764
466017
277740
11775
375134
1565860
1010332
11750
1380988
914884
186143
11357
1565811
372313
11800
1460375
1990640
12232
11575
1648073
12225
645413
645484
11450
1464332
462457
908405
12050
11546
908323
11969
558075
2002714
1906248
11875
11700
922539
185798
185273
642454
1465390
184404
12250
825514
1563703
925760
11425
1375015
1469455
374373
1721068
729485
1997256
12300
1013409
11675
1008609
12212
1983446
2277158
1455237
559636
1113335
736327
12000
1291306
1820546
12250
2163970
12300
1712474
11750
836410
1008534
920392
1016559
1996709
2164081
735546
921851
374784
463693
909257
2259371
12025
11700
12225
11600
645451
1007916
831566
2084079
12250
1808607
639587
11625
643068
1175990
11600
1642196
2089659
1472533
1722674
11625
1810127
827043
645112
11975
2076696
12050
1719084
11550
12150
1278187
12271
12175
916140
99235
11550
11600
278298
2256402
12175
11550
1016334
374215
1281329
463493
2273227
1820410
11750
280582
11550
12125
1119165
459863
922276
2168155
465322
185048
1991619
1644119
11800
2073494
185773
279992
1367934
2258111
921551
378576
100504
1815871
1565449
12225
1007709
825970
465547
184254
12075
467380
11950
184386
826093
1575205
1190978
828618
279647
915769
2280167
11925
11825
12075
1181393
2265857
1818152
99591
12025
12100
463468
463318
12198
2162736
11450
12025
917824
279309
2092805
1009184
918169
11725
1378816
11925
828797
11725
553074
736352
11550
12200
463268
100559
731317
11925
1568163
11725
185698
11300
1109793
12100
1821842
736089
741946
735146
1826756
823726
1821164
185123
11300
186193
11875
1725255
553213
2004479
1107933
2002441
11675
915984
100259
280692
553835
1982416
277231
1660819
1282319
1712463
1727776
11375
1185743
12150
829807
11657
910171
377936
918019
1909820
637616
1912851
733919
735041
1567974
11775
1728517
1643191
2259415
556398
11800
1990814
1726375
11450
1720745
913363
185031
1464814
911346
11700
279409
1174992
11473
2169011
1175876
1015864
280047
1285288
1558561
11875
2089207
12205
1183389
100954
2162192
559208
99884
278148
11550
11750
277922
11475
913660
462882
11848
100384
923484
1816368
1116667
1110376
462406
185323
1377726
12175
737542
734019
1122109
463593
1468267
12066
11750
1116145
277052
1903276
1180275
735090
372853
1001857
100259
823039
11569
1466494
11641
12125
2157689
2082573
1731889
1459184
833930
11623
11850
11498
1914840
11425
11350
464213
276375
375730
2086255
11646
1721073
1979660
12100
2249470
1460295
2170004
12175
99909
2081921
12050
1905775
377288
2164080
11350
2082416
1729265
646396
829661
276954
464972
11725
1464766
1174874
100009
831591
12150
12175
1115233
2069294
465417
1470875
12150
1282250
12050
12000
1638849
11950
11700
1991941
11675
826734
1005252
185798
739541
279497
916234
823082
836935
1652173
11596
1179727
279409
2168409
562119
11850
641870
375159
12089
279084
1817018
1009159
11421
1642821
2093408
11950
2163812
11575
1385509
185548
1807182
373087
2261415
99984
100434
1284492
12157
2280742
185598
1460974
1174706
2090814
921453
12000
639633
737505
376468
11425
1458121
1995829
741256
1457366
912628
2078849
185598
1186345
11800
185548
1372371
1822087
553222
12162
1995311
559498
12200
1646079
2070925
1722455
11775
460581
11875
1730661
1381737
12150
278748
1007348
1574270
2267997
2259531
12175
2267517
736102
11525
1018144
11375
1807364
1187094
1377054
11725
185673
183838
2177348
2166632
2180104
99991
1284332
557692
1909334
1380125
99809
2264649
278873
1721399
11900
1993246
734880
739861
11775
1650404
11925
728803
12050
1459384
2178505
11450
831466
12100
12150
645626
462432
11675
1006407
1378318
1286296
12250
11775
12191
743012
1567326
11575
11350
12050
1659747
100259
1986598
2007530
830991
11950
1284017
1810733
11550
12100
11448
1286721
11850
1182679
644695
1473528
280167
11500
1293135
11600
11550
12100
1718020
11675
645638
2169449
1006950
1552372
1178950
738765
1469700
278173
1016392
643668
912654
463618
733805
1815551
1171964
1906329
11500
12125
1190433
11850
1009003
1187015
1909091
11825
553113
279609
1282008
11600
12300
1716651
1389961
645501
12200
2260974
11525
11994
1286383
1649279
2172681
11875
1818976
12050
1451314
467405
11875
375484
184436
12150
11925
2155160
1989505
2072125
835497
463107
279134
1289448
12025
1375954
11750
1377525
1182045
733308
463318
2262722
11875
910808
1992096
185573
11500
12025
1179126
11950
2258469
1387593
11400
12250
2092346
1978200
1284801
1566833
11839
277156
464922
1181171
100059
1276737
278959
12139
1905300
1113588
11625
11600
184104
12050
12100
12000
1467691
11925
2164648
1999289
11900
11900
560906
2267820
11550
11475
828058
276345
11825
825839
1911289
463107
185273
11775
11575
1718357
1908264
12000
1718824
12000
2072979
101129
466037
1818917
2256940
1290984
11950
12262
184388
554824
1116483
1569000
1561112
12107
463568
1461576
2175055
1284043
279997
99859
1813820
1460665
185698
1814834
732747
11625
12141
11450
374348
11575
831716
12225
1907815
2159067
2264520
464384
11750
2272296
1376993
1979158
280882
2169718
2267898
732435
11950
11425
1829716
1816434
12125
555606
1574855
1976040
464859
1113985
736164
1981867
915669
1377629
1991705
1012250
2069834
12100
11700
12100
1660409
183816
11725
1017594
100478
11975
11680
1824947
734648
1821924
829735
728350
1463314
11675
463193
1470087
186118
2083051
1182582
1830139
1186591
11550
1172401
920690
12141
1370856
11825
556679
1190433
2079039
645501
11475
11400
11725
829915
1907779
11875
11575
11500
1651282
12100
1112524
11875
1123868
1830987
11575
1727023
1115852
1901587
1456459
1812786
1108016
185548
12125
825602
1010326
1909006
279309
1902566
12273
1895805
11657
11475
276941
553899
2161175
1459660
11325
1018326
279459
1646417
376788
375584
1012504
467330
12250
12000
555173
1810988
831063
11400
640156
12275
918069
11700
2246623
1110388
11700
11800
278708
372837
1724988
185348
466955
1374671
1982422
1108084
1190878
100134
1650224
374348
1811672
1730231
730613
736189
1724181
1981454
185668
11725
2092816
645488
12075
11950
11725
11800
1007334
1187711
2176250
1982666
11975
12250
909557
463518
1712349
11575
829095
1832311
100579
832839
2165570
11675
11875
1367964
1656753
1563375
1375156
459347
922759
1570661
1011174
1003232
1644407
1904588
830150
1282957
11650
11675
1369887
11450
1382093
11800
2178903
1182357
279409
1985869
12155
1995479
1649524
1117800
11925
1908770
12250
1177351
1283057
12150
184540
1636760
12000
11800
11350
1286830
12182
1907742
1644900
184584
828168
1650992
1654124
1375221
1734242
11775
733383
645501
460185
1470690
12125
279409
12200
1466769
11600
1805542
1566481
1571177
1646250
1728213
12078
1721086
1192388
11675
279034
184336
827479
1007684
1008545
12100
2001463
729424
1646612
557379
1920907
918236
11525
2167244
645701
374748
1648804
834080
1992900
11925
2269566
11725
11550
11950
1471638
1807642
11425
833980
11750
648740
12000
12080
1376768
12125
11966
12275
11900
12225
643108
2161187
100534
1292223
12300
11825
1276615
645463
184236
11900
12125
925943
278156
183820
1105066
11750
1459798
11475
1911260
1105045
1283763
1191878
11600
11700
1458640
2085676
99835
11673
1469947
2260276
1659552
914250
11725
2080530
99869
1370964
1895536
1985217
1577275
556207
12200
642176
918469
12125
11525
2264501
559223
11750
185048
1977311
1282108
11516
1647393
11425
915120
12300
1728231
1985886
1910589
11973
2264258
650383
11450
1109904
1469420
1722826
1820419
2169093
185298
11625
279134
1456534
1805426
1907425
2267681
378426
555473
1564890
11800
11825
12275
731345
1908901
1175913
12021
1462360
1371635
646176
12150
911455
1010951
11650
11900
460699
12200
12125
11625
649115
372533
918983
11850
100479
1734798
279547
1108720
11937
910210
730285
1646345
183904
461895
12225
552967
100534
11900
647287
278759
2270461
1378654
277933
1464500
11700
377711
909946
731375
12025
186018
11600
1278928
11600
2168480
1116277
11725
11950
742670
1121414
1911434
2170552
12150
12075
643143
828531
1293603
1455574
914784
1296779
12150
11475
11675
11750
1176697
640535
642368
99884
375268
1005693
557992
11800
12175
1923662
1280716
1118820
11746
11900
11575
12125
11675
2166649
637816
919330
11714
11716
1371535
12150
278809
11875
1646401
557184
2265658
1711419
2184505
1977743
12000
2272095
1907050
1712538
1279539
1575055
12000
11775
99580
1553767
11914
11875
1382496
1803174
1923137
1639651
11875
1172544
12225
2254142
278748
639258
101079
11575
1375160
278108
462857
11475
1908612
1470469
12125
460342
12225
1464807
1915542
1284551
1189470
463393
1649303
1651791
1116679
1462699
12100
462607
1924050
1112092
1118525
99730
11675
1275100
2178328
1453726
2260516
11669
12225
99714
1290488
11373
12225
1564357
11600
1190308
99984
651045
277493
374204
1566352
1648849
650895
642629
463182
1572001
826721
1287682
11650
378451
99210
1019160
1656451
11350
99369
1908184
1990630
12225
1287914
1731726
1375013
2161703
11975
11450
1385166
279284
12000
11675
12200
12075
12050
12025
278498
643068
648227
1381298
11350
1991894
1468667
11789
2008833
1564173
1116270
278734
2266943
11625
12050
1016431
373979
11925
11575
1568554
1010626
1179205
1282323
1462096
1990830
11600
11548
1809861
12225
12175
1292558
12250
2269240
100284
821347
924894
11575
460258
1803868
12150
1184538
1386694
463132
2260739
2080096
11700
1287534
922189
185073
1377962
832674
1384845
2084269
1117378
1908551
736677
1387177
1462285
825411
1008085
1986886
829269
11416
1008484
2178516
2179787
12175
12050
1648245
1458815
1458649
2151554
11475
1180973
828443
12375
12157
11525
1284117
645436
2264532
1456762
741031
2070408
11641
1645903
2155165
11775
1982771
11475
1112882
184300
12050
11925
2074470
276250
1558449
1983856
11725
1178587
558925
99212
1109990
1920028
2258067
1812645
279284
11566
1654100
185373
375563
1714926
2076597
100109
281249
640690
12266
464246
1906765
11950
642443
1812641
556704
2170275
1379985
11775
1912534
644988
11875
1723535
1905252
12125
834505
374173
374223
2265840
11350
11975
1728262
100354
99557
1576318
1910788
461162
916169
277159
11675
1813447
11950
11750
827832
2090083
1900122
1467711
1187492
12300
1288699
553222
100009
2162839
11575
1287074
12000
1178123
1727549
1374521
551813
2264766
1555636
11650
1117725
2072759
739891
374173
1117777
11750
11550
1274259
559711
919557
11875
11675
1011394
1010726
12296
185823
374224
11300
1642342
462657
11625
11916
11925
829169
643879
11950
1383630
465022
648523
11950
1283212
1386957
11625
1283207
12000
2072922
1567584
1466789
650357
374790
1650040
1122929
1657937
463938
830378
12175
642168
11716
1378808
735391
729749
12075
11950
277318
834455
464013
1378100
830510
1570636
185648
1292783
12325
1562428
561919
1913714
2088659
11575
1572475
1006155
2263736
99685
1385241
1723719
11650
185823
12150
2274865
11475
1660710
11975
555707
1991888
11800
12100
1467233
559183
11687
12175
11850
184377
11675
11525
12125
1718519
1381175
1464783
1462403
1114085
1461779
741471
11925
914509
1913247
742171
11700
1553736
12230
1904200
1009084
2173746
1813609
2066086
1370998
1004914
11475
914002
11900
99884
1570392
741045
373124
832777
11575
11675
1181033
1114836
12200
1175311
12075
1642007
553265
828418
11575
739786
12025
1718880
1638357
824873
1820197
2253739
1991932
2079439
11875
2169362
728843
1650766
277643
1190928
463193
185548
12237
12325
2263312
1554698
1815814
2082211
100359
12075
1559548
1733663
826813
1008809
1284983
11550
2088424
11675
11725
1905992
373649
1178209
99809
557617
1374200
11800
644245
741356
11425
11500
1814011
1278810
1806122
828752
1111654
2267491
834875
2007134
836960
645926
11750
1987177
1578100
11575
11650
2152882
911812
2247215
1179714
1566172
11525
99914
1276490
100479
919032
463468
11575
281207
11500
11500
100409
1106021
1173835
1809288
2271234
1989276
1566652
909711
100409
11800
100804
1646326
2171085
908575
11650
99955
736471
2080698
1385366
2090172
558380
12025
1376229
184490
1986811
916985
1288757
11725
11875
1647800
837110
1283840
2080728
1114448
12100
1292351
99759
11625
11725
279647
650945
12125
185718
11575
1180145
2002090
1274327
1276282
557792
1457616
11457
1994842
560781
2163084
2247651
734298
1384991
1720018
12075
11600
99235
559636
1995409
12264
468022
278634
1457650
11575
729680
1829962
12375
2272927
463050
1290020
11550
1912071
100779
641765
11975
12075
11475
1018818
1991455
1181338
12125
917869
1280905
11425
11850
553733
2070402
183934
277047
99198
11375
1464400
1819966
374565
2255461
463268
2083099
1901589
374223
11650
11975
1827144
11521
461920
1105114
1816009
11800
11607
2250325
1812338
1380633
740906
1652430
916206
12232
1723070
737901
1907004
11780
11650
11900
2177846
2075718
183909
1378030
908391
100404
11725
1376868
1986868
837160
639835
99755
554849
12050
1651108
736227
2152440
2005796
185448
556593
1991916
185098
183891
731274
1568231
1460491
278111
825570
11825
12000
1015784
372931
2254611
1820428
2077699
1190628
11775
11575
11903
12125
1716291
185323
1658589
11775
1805990
11575
639032
11975
279159
737138
643068
11675
11400
559008
12200
1709790
738590
460467
553133
2262998
1462932
736427
1383925
828001
729253
462968
1896368
1810474
12225
279034
11950
1105032
1281508
1565718
1279073
100579
11655
11650
731940
12139
1725582
1288207
1382063
561644
2262595
926610
278423
11575
11400
11600
11550
2171459
1567064
280642
11375
11475
1470237
278959
2068031
1919577
1637180
11532
554970
12000
185023
2082887
372378
1830064
1466969
12125
11675
99735
2166317
12250
11450
11675
1831661
1898110
1178980
11450
12100
1721463
12200
1556101
1005382
11980
185718
1109339
12150
11475
11400
12264
11600
835772
1991551
1377968
1009184
374959
559723
832964
553026
372549
12050
12375
2005174
12050
1463591
460701
12066
1110397
1993047
1644757
1571362
11475
11800
644864
2075843
2177558
1465341
558883
1557233
11900
736852
12100
11475
1008784
185748
11900
12232
2076154
2166069
2002221
1906576
374848
557474
1817694
11775
277550
100484
11875
2086949
184584
11575
1899012
644945
1456311
1461578
2172557
1011966
464759
556904
2263742
1912444
1716240
11850
11400
11532
646026
1010219
11850
1474243
1912876
11550
11950
1642930
739566
463418
12187
735839
12200
11800
2065238
1637853
11575
1468274
11750
1122481
2179771
12050
828068
461695
1731769
1117755
11700
11675
12091
1112038
1561237
11900
1712481
12025
555782
1563971
11875
1464725
1987408
462482
641943
912679
1803700
1815740
649335
12050
557717
1912084
374773
1124660
2251272
1453185
1453978
12250
184391
1470280
912108
99889
1471913
1452701
11900
737867
278423
11525
12012
1108702
559711
1901418
729137
372251
827168
185248
12000
186393
1568042
556175
553376
1107484
185048
1818329
2165776
11741
1824923
1709545
917876
11625
12150
1906003
559736
11750
11725
2264255
1805487
11775
184372
11625
560506
11425
2064993
1381888
1017029
184318
1912968
920190
1644926
2080303
11875
375584
1721860
1178096
1814231
11650
2264877
1180457
12125
279322
11925
12000
1119415
2263706
1379799
1731105
11525
1287672
1565137
1174274
11775
11800
378351
1997624
1115408
554328
1718774
1721244
467330
11925
1108777
831291
11800
11875
11564
1292583
828777
1285152
460444
554310
11525
1105473
1113163
1723996
1111654
1120764
185173
375372
834530
1464816
373024
12150
2153978
556519
1638169
828427
831729
2168121
1563780
2064049
11675
12200
1650860
11500
1469530
1728334
1638572
1182965
100604
11725
11750
373890
2255489
11775
1996236
828668
1108811
1981269
185048
1654583
2080139
2265962
739291
11825
277336
1178523
648145
11975
2164764
1819321
184516
11625
11732
12225
11700
185248
1010492
828343
2156592
1007207
2261875
560806
2065052
12300
2169936
1461149
12050
12071
12325
1376743
739054
1908051
733752
1385581
560436
1467206
1649210
1276435
12150
101154
2250196
1647612
11475
915043
1815168
2262535
11900
11850
829382
467280
276875
1176052
2166376
11450
11525
922984
12250
1474601
557196
185473
1376009
558487
12050
1123244
648077
11625
831408
1573119
1466021
12200
1566999
12200
2259850
11625
11550
279309
1563478
11700
2076496
11950
561329
1017894
827368
11600
11930
372319
1715152
2083888
11600
1987736
2275348
12025
12200
2160969
1274350
11950
99784
1803786
12250
11825
11475
1386732
739591
100529
100309
11450
1555591
11825
12075
1282066
100729
11675
2259486
11675
12050
278473
11437
374859
11700
1013396
99984
1285018
12207
12225
1293678
186193
2276886
1563421
834112
11550
1177898
12073
1819584
557104
922964
11375
11975
12250
2168278
99166
11375
1906904
100459
736702
184152
1982322
1655700
11628
1183435
2277205
11750
11975
1655418
1721199
11700
462556
1572076
2160335
2001552
556768
12200
1285643
827707
100109
732919
649410
912854
12000
463157
1644830
12000
1003789
1114203
1471388
644195
378743
1367659
183759
555473
1577942
1724276
641812
2262517
1462469
375805
1735431
1284426
99809
652486
1653308
1113844
462832
100379
553406
11830
375034
1986862
1464021
2259108
1555913
11475
1811450
276884
1460920
376468
1994220
185173
276891
1181368
2161786
2264828
1650371
11600
462532
2071428
11625
372776
374247
1649914
2258211
560311
561229
12300
12150
11450
184161
646571
100459
834385
735071
12275
1186177
376030
648414
553685
99834
736627
732669
1807780
1291334
279309
11900
1012100
280457
1387007
459263
2093094
1008109
11700
100196
185773
2162251
11700
11900
1732389
649240
1376893
1905956
12225
11625
277120
1193212
1372684
277636
1282818
916120
1657808
99703
100034
1381963
1369542
1561592
463393
185523
730542
913924
11350
2155640
184490
1722129
1906825
466315
2162861
11425
1372848
1287136
12080
651844
2175840
1815285
1107982
1725535
1000818
827331
11725
1181608
828631
1007326
11600
11900
823212
278323
12273
835172
739691
1804947
465172
556685
184793
463132
1818647
100904
552292
12125
11450
11875
1990669
1906793
11857
642162
822460
11625
1183018
1113288
1718145
11550
185798
1901691
1377468
2153698
1652271
1723631
12125
1925122
1104916
100134
1728911
2177085
1726597
460465
2155735
914157
12150
12125
12050
2081164
1288102
648490
829279
1380636
1994803
1639590
2083667
2246180
1182224
11425
1654676
12300
99305
12200
463443
11875
1921643
1722826
1184422
1912992
1375324
1816082
186368
1286415
1710062
651370
11625
1647431
375059
277849
1649251
12000
831066
1278433
11875
1904611
1728092
1121239
185868
1650377
2177695
1276703
2068783
1279816
280492
1011857
2082516
2000995
11448
11623
2000380
11900
1729416
1176780
735246
2162305
466765
1285132
1988292
11521
184366
11525
1827768
834525
460285
11675
281549
918704
11650
1002073
2177112
2071667
836045
1185189
11550
1997772
1904524
1462153
11450
11750
1190683
1284417
12125
100484
11875
12150
1116774
11950
2159260
11500
2170928
99432
1649774
11775
11700
2069747
12025
1911109
11525
374348
1180223
11975
11675
99430
12000
2065436
1113998
12150
464384
1897396
1976406
374565
12125
2155860
2076909
11975
279484
11825
1979621
641431
2264927
2003224
916154
1574121
11475
11741
1907197
1123669
12016
643368
1005802
11600
2072566
12025
1383056
2064138
1709705
551974
1979451
911391
185498
11625
1571291
1645680
12025
1111629
374298
1997956
2069717
1647754
11450
1993832
375084
910098
645926
1296504
374809
278097
1181201
1194229
556618
99964
11975
1178894
834355
12150
822036
11350
2261420
1002848
1007409
1387157
1468481
100479
1899581
12139
11800
1661582
11800
11857
1566023
100704
11875
463268
372263
1377679
642725
1983352
11375
558625
1111067
2265581
649360
1003987
1108916
11625
645588
1559047
1572461
11725
1813748
2260147
11550
12300
836485
1721531
1995917
11850
11575
824324
12123
464364
915784
1651225
1558090
1648924
1919027
11625
1177560
11600
1722190
11650
1989125
11550
1283937
727923
11725
2157373
828694
99959
2096421
1659050
463768
645659
12000
11725
12350
1646769
11400
372317
1807814
459663
1658927
185348
463568
1996466
558298
642367
99859
2167821
1379619
371931
185848
2001885
915146
11375
11875
2071346
11825
11375
924694
1655338
1815678
464814
1286464
1912128
555548
1386319
11575
11950
1384420
11666
2181474
639101
1821171
11750
833542
1570811
1714454
278884
1121464
100654
373117
184311
1454290
1175329
11500
1908281
12275
1905561
11825
12000
464884
280067
11925
2079553
1454505
557329
1451625
11825
11475
2097545
12150
12225
2263139
1819586
1290809
914850
1471072
185473
183775
1460940
11400
12075
1470172
645426
12000
185718
374148
2161521
2266277
2076510
374809
561031
11675
11750
2080514
11850
11650
1108207
1984062
1817733
2069055
11575
1117123
1174742
11441
1990119
377013
2273311
1010310
1567052
12200
1992477
12000
2072468
1723265
12100
1721785
2268081
1656125
11625
12275
11941
11925
552597
1568381
2068103
834825
12100
645401
920905
11525
11450
649732
279484
12025
2156871
1282448
11450
648640
464388
2261902
1007334
11875
11875
1902318
11750
2064845
279872
184077
2265072
12050
11950
12125
12100
836345
12050
12050
1566426
278148
1011094
12132
11625
1123179
2175138
1896700
185748
278173
1822464
2254352
739591
2157014
11650
559848
11650
1651616
99830
909364
12350
1649062
11500
2000225
919257
2261437
11975
837576
918291
376199
11925
461312
728271
11575
732794
1180657
554085
462482
553774
12100
1911999
11725
186143
1182807
2168296
1727439
914304
922539
1010401
278834
11575
280707
1106521
11750
12025
2264751
11575
11489
735552
1374671
12175
376368
735471
1983901
1473403
11525
1647937
832779
1174742
834605
1466621
11675
11975
556754
2273983
100034
1386582
1809225
12048
1007634
1015326
12075
11650
11375
184640
11600
1823810
1730063
11650
2179068
185723
1010526
100384
1190533
914759
1388547
918076
11600
1559554
650630
2083062
11825
2258042
1010401
648465
99909
11550
1288352
737492
1559175
2071557
1283107
1386419
2080669
1651600
11875
733580
12050
1993061
11550
11525
2171832
2076924
1182763
1121359
1290091
2246244
1563496
1113285
185373
2262629
1380673
378001
377163
11825
277540
1645975
11450
185798
11800
185648
1386469
11650
11950
11675
2262020
643218
377461
12150
1731242
11525
11875
1452127
1465756
1011498
11450
1379969
12050
11450
1577276
556854
12025
11725
11900
555432
11725
916234
1008509
11750
1821452
11575
1919777
1380636
12125
12075
1821321
1572718
11525
185173
11650
185693
913775
1989184
1648822
12050
12075
730667
12230
12000
1105994
1907828
2157893
1816141
12175
1172618
1817489
1116498
2251929
185510
11925
2264367
1820914
1819571
184336
185448
916572
2170068
1123819
11500
11650
560881
11825
12150
11925
12150
2176630
11400
1570561
1014662
1376593
185748
12021
1121264
1989537
11525
11825
12196
1469042
11850
739761
100359
100509
11650
1011132
645951
821914
2160406
2073872
2179943
1917092
11925
1377604
99759
646514
183813
1564609
644339
374173
100334
11825
736502
1995068
1008709
1178266
2175822
378476
277347
1381813
465492
99809
11975
185573
556679
462957
1010508
1994963
1382195
11650
1562174
12100
553640
646121
910808
1564960
1465552
922964
1565796
1277397
1115405
281232
11575
466955
12075
1182270
1283144
11657
11750
185993
100434
1997106
1287147
1572977
1114932
551908
1735448
1283522
1466569
185423
1472133
2170285
12300
464140
12125
1993107
1643924
11950
1177400
916656
12075
11650
2175090
831591
1564332
278934
914659
2075436
558184
830410
1172130
11930
11575
737322
12150
1918843
1640849
1117807
11700
185048
1007300
640492
464822
2172578
737838
1901559
645288
731222
1921602
11473
11475
11775
459431
730829
1997141
276841
1650521
99787
1172164
1371371
11925
1988943
12150
99784
12100
11753
2166560
1997381
12050
2073045
11575
11550
11907
1274737
2091678
1562128
11475
184420
11700
1378507
644818
11950
12030
11737
11950
377286
1567246
648370
735664
1186970
11500
2153784
1012970
2254381
553819
278734
459974
1471838
2273611
11857
11625
830210
1812292
1565765
11766
1294938
733380
1114930
919075
1375707
12250
1113727
1908582
1468222
1010360
276988
1804893
11950
11800
834430
11755
913229
11725
1568965
185623
1562214
12325
11825
11725
1645612
1646362
1809829
12050
101154
2080180
11525
11550
101154
11625
11500
2089014
276927
1651455
1987760
1831637
11825
11350
1278360
916287
278934
377876
11850
557267
1457410
100209
100359
2254620
1452036
1574513
733169
2182021
1991796
1182693
923184
378026
1653571
11800
276843
2171923
1645196
11950
1175660
12000
1382806
100109
464576
556693
11575
100409
1377549
1994127
12250
1909132
1713147
12125
1005591
1722876
11553
1120377
1281299
730617
1902915
373746
1017304
11750
11625
278573
1114889
11425
1571235
11450
1991003
11675
646766
12000
1014161
11975
2069065
2071314
1554384
559771
914878
11450
1653675
1288137
11928
12250
1284548
1651683
11700
1183514
279459
11500
12125
1377925
1112474
1109304
1994303
1917758
1555084
1182719
11700
1371724
1454862
1015589
1190283
1464129
12075
1922119
835795
2276881
11650
1009336
12075
1716130
11825
1294598
11950
1821392
12075
2273521
1990176
1823106
1012300
463913
732622
12300
1189570
1014930
1007534
2088075
2181944
2266875
11825
1172964
373047
2084942
1576153
12125
11300
100234
1814351
1559568
11425
11550
12325
11425
184104
1190678
1278392
1179589
11575
12007
11675
279622
2260222
1009727
12057
556929
1827257
1186176
11530
1369285
2258504
833352
557005
1380511
2168455
184672
728953
12175
2253759
11775
1188275
2090000
729549
562169
11500
279979
922962
1646209
559773
463068
1010702
1815109
12025
1186620
1193062
1990038
1186345
1647736
1652445
1995053
278959
1910943
1182779
1296579
2075934
99784
1820528
11825
1725381
924106
459654
1463810
831466
100534
742570
466730
561669
1985271
185123
185173
734144
1290239
11350
185173
1904729
735945
556293
100804
11550
462432
1176731
652386
2085337
1190183
12125
11650
731247
1637339
11575
374923
1012750
829710
11425
11300
1376262
1990394
2167580
2005024
1556095
1899292
1661557
1011694
2255354
1656615
185573
645413
278834
11825
12175
645488
11800
11400
1123354
1465191
11475
2081382
12000
1471483
374340
12100
922370
1650675
1386657
11850
918719
11800
1017142
1562186
99564
12048
2070394
649485
1459406
12000
11475
1460552
556704
1018419
2263547
12225
11675
826309
11750
639165
11725
1562204
11350
11525
12082
11396
652861
11450
733118
374909
555048
2262905
185148
1653419
733594
2262149
11750
2087980
11525
1192438
557404
11875
1121514
1719187
1380610
11650
645626
278773
1184810
460422
11773
278498
1117033
12050
281207
2275424
11875
1910464
11628
1121484
11950
1386627
734796
11950
11500
1923523
1379457
11525
463143
826295
1817693
278148
556068
459929
1291256
12225
11900
731471
2247122
922814
12050
12187
2260121
1113013
12225
11350
2155815
1117257
12025
1291974
1734168
1815228
11500
11850
1189745
12350
2176150
99087
463293
11375
1465652
913136
11825
1557936
11525
738613
641231
1379529
645526
11741
1899210
917163
648890
1985203
100453
554162
639303
1722115
1814884
835372
12123
1912677
1723993
11900
2084212
652536
556579
731578
560381
11650
556929
11325
1188755
830916
557004
2169301
11800
375430
11450
11691
2079415
1915322
644445
2257873
1288077
11425
11550
12100
11550
1173071
12050
375184
1457200
12223
11875
1895033
2277208
732672
12200
1719184
1560551
186243
2170853
1722690
11975
1004744
12075
2249312
101154
12150
11800
825166
12250
1911100
729539
1370337
11575
727969
101129
11925
1658553
100534
552658
1828494
915509
1013440
1645763
11796
1189958
2068053
2273985
1378487
378451
652761
1011292
12300
918294
1567021
911373
1819827
1986384
1377185
1552217
1103784
1291970
1914338
1121484
11550
11425
11825
828969
11675
1462965
11498
11900
922664
11650
1010510
1988422
1819090
12041
11475
1577176
909484
11725
2068092
1292708
2069028
12200
834705
185448
1470259
12189
1568294
11700
1564627
11803
1641921
11500
1378291
829215
2171798
185215
559661
99859
1556725
1367282
12150
2253372
462832
1002414
12000
184663
12150
1011569
1724729
374204
1822012
1912337
1989247
100334
2168366
1911340
1575605
11600
11650
643004
11728
2075770
11775
185006
556768
11950
11721
11525
280017
99759
11612
2077702
922176
1009315
11530
280084
2081621
646591
12175
649610
912364
1987039
185248
823640
1811674
919150
185160
1561060
2157446
918086
1183849
1378321
2255360
1992416
465247
734855
1017844
1822685
12050
648465
279059
1453969
463819
12200
2174694
1174583
2166340
1013890
1896336
1573096
12000
377313
1291334
279372
374223
2162370
12039
827843
1997032
11525
11600
11450
11875
912504
644029
1717919
735711
1920596
11600
2077046
11875
730088
11916
1377676
11850
1910564
11325
1469472
99382
99687
1563550
11925
11525
1371832
1559907
1565199
1652430
1564923
1113376
1923477
642468
12275
11950
11525
1457516
1006898
12225
1651025
1658394
12025
2091160
1184987
11875
1551908
11425
1114510
2165263
184668
1561262
639042
1288870
12275
2160926
1995517
1377049
1910092
1818049
1182645
11925
11750
2083076
2259050
915220
2167061
1175136
100829
11566
1379191
2000616
2064711
1182507
1573863
1637944
11650
826245
11500
11775
1110392
1173160
278458
11875
560606
1710843
375209
11675
2152686
11775
1388497
12150
1819615
556457
11750
643568
642143
741696
11400
185023
1018119
1453556
2080473
648815
375259
1916961
1977582
917969
642797
2078635
1376427
11775
1124510
11625
1567378
1724685
1913071
730758
467477
12200
12350
1105632
1715569
378301
642043
1011782
1723676
1996742
374898
560286
11816
1280936
1185138
1012679
11675
1293133
924769
1291043
1651100
1818152
100654
12150
2002647
12175
643368
1570363
11750
11375
11875
11950
1734417
12250
11900
11350
1809215
459610
183966
100509
2247747
553515
1284256
923406
462457
1469630
11675
1293578
11975
916034
11825
2076277
2090575
1988881
2177560
1179136
1181528
12291
11550
1906179
100009
278648
12150
11932
1559684
1568149
11600
185768
1727773
1803202
2264479
2260954
922884
372181
825919
11375
12125
12325
826793
1467229
1465930
375459
1649824
1281579
11625
652761
742670
557742
11814
375584
730097
2162916
1986094
11850
1471158
737292
1990235
560361
1385091
2160424
1112324
918907
11532
640349
100334
11605
1895452
373736
11825
1651484
12225
183891
1181771
1467566
1179901
11450
828218
1186127
1728416
1382775
11473
12073
555023
278273
11750
11775
1005491
1465217
2261485
463218
1377751
1722810
2089134
1822636
1996101
12075
11525
11450
646842
11807
2157540
11416
11425
11675
100034
12150
12050
734344
1379351
12300
1016109
11600
11500
11600
1911265
1915886
11846
1292510
12150
918832
11625
1377585
2254563
11500
11925
1979621
278684
1643487
645313
652361
11350
11975
1019001
1656715
739341
646226
11750
2270497
1718604
11675
1121089
1811057
11875
1552970
280932
2086216
1367625
1646002
12075
1189808
11650
12257
2073020
1809822
99750
278784
1553745
11875
372435
11982
1109323
1286864
1113551
11825
1002521
99859
834380
11750
12150
824880
11400
559911
1186866
11950
558786
11900
2155640
12100
1991848
11850
1189509
11600
99784
1018293
185148
1731177
2274118
11916
11600
374834
2082551
183843
731212
185548
374198
1452068
644995
730519
11825
1009527
909519
1001393
1638505
1283032
12125
278099
907986
1015834
1981671
1565207
918144
99934
374673
1649419
12225
1721032
1993632
2183872
12075
1120814
11925
1994747
12250
2167486
1904030
1646798
11550
11907
11675
1552861
1722051
185523
11582
278934
1983817
11975
11450
12075
1989976
100459
11500
1715216
11375
732118
1722729
279922
11528
920442
185698
1109044
1014676
11825
375134
638803
1296212
12350
2266886
185373
12200
1898869
185798
2279972
1380803
1290413
1989988
11975
1289594
1184524
185793
1185921
556093
280392
556293
558257
825722
1567744
1719429
2182862
643481
2255379
11825
1172526
1999706
184091
12050
1561461
1013540
1003746
2179742
99959
11825
279034
1995398
1813486
1555604
1006182
1814955
641659
12150
186143
915617
833317
1913567
185123
916084
1175960
279842
1726429
1179036
11475
11625
1010751
1913603
1115284
1567090
1895511
466780
2247615
11600
2070597
11825
1455750
280417
1285293
1011045
2268776
11475
11962
12287
1015139
11750
12000
916019
11725
12025
1174484
1997268
561519
1116035
1991155
1181618
2156337
639587
11525
644594
830853
1818279
2003287
645401
11725
1732968
11875
1812399
462535
1459782
2167026
12250
280617
554151
11925
1575130
1911672
12200
12125
836510
11575
730089
2071701
1823755
826763
11725
100479
1121809
556604
1284432
1569531
1465358
11625
11800
12275
461893
2267517
279159
1186415
2086574
732469
1640649
1567804
2160507
12025
1721468
11666
2070076
279867
11950
1292508
11875
12175
2256576
553092
644495
11350
2071560
643029
922251
1285018
462982
731940
2090304
12025
919473
1013468
99244
1901562
925718
1654698
11800
11716
1563512
838051
642804
12025
11600
1284299
460467
1806662
11525
1180400
1004403
919074
11475
1116067
11825
1002762
11850
12275
1381788
1453762
11975
185723
561746
2167601
1569602
11975
740945
100084
279109
1286896
1459169
1016377
11850
2254203
1110526
1285432
12300
12025
2277518
733583
12250
11625
1905922
12150
651694
1909729
1723939
1731902
1177001
11675
1179343
1645129
278198
2264444
460606
1018169
1925839
11675
11875
1371711
11650
643493
11466
11650
11671
375480
734996
11650
11475
2255922
2155515
11950
1458372
562236
11825
553735
11525
1113638
1112899
11598
1992991
11675
831416
1821749
12225
1187839
645826
11725
2173678
1466538
1192388
2261654
12050
1992344
11675
1189480
11866
11450
1288164
12075
1913127
2260306
11800
1005726
11825
916829
12100
1562325
1186936
556729
553222
1818291
1178035
1717432
1659547
1009899
100284
1720581
1568291
1109945
12275
12350
1183210
11625
2169281
921751
1288577
2092377
11650
11889
1010452
1993930
1113989
1557348
1179111
99909
12125
463518
184338
184998
1278160
375184
11675
1116758
12000
1988874
11925
1657926
463068
12157
11589
1012376
1807464
11964
100584
101079
2267677
11925
1576826
1119067
835745
1124393
1637398
557404
1467936
553188
185473
1978640
1182933
2165293
827965
278298
835897
2260966
923359
734546
12125
2181521
11741
11600
914334
12050
557304
2066268
11725
2176132
1993669
12046
1182604
829186
11600
11550
1814554
1007384
12150
99934
2169431
11875
11850
2082767
1386419
12200
11675
645626
99859
736521
1723991
11689
1004253
1003789
1378212
1919992
1815270
1289455
11700
1636923
11650
1977234
1997993
185348
829254
99373
11650
12025
1372873
2254992
1814355
1014901
1721608
2256116
2258058
556703
12250
11914
1116045
462557
185173
11500
1914488
1192763
1980438
1110405
647341
637721
639655
375034
556704
11350
1999001
1385906
1175046
279034
1189872
732261
1285658
1731617
1717491
2262025
1177349
185848
11800
1182732
739716
99871
640681
11350
1117489
828368
184940
1370739
1121264
1462591
12221
1183047
1811345
1558784
1574335
11396
374598
1291183
11675
11750
2075251
12300
2168411
279372
11475
466705
2257692
11675
2092241
99734
11700
1461332
1556715
11775
100504
1563900
11550
183870
560231
99196
1457586
185373
11775
1899815
1566977
556854
922864
2268664
1186320
1572525
185298
372999
557617
12100
281774
1010476
12075
11575
2159367
463368
1455785
2173915
1638874
1116789
1977723
11775
11700
1456421
2080410
11500
1178087
11837
1472683
644907
11764
11975
642034
1113901
1016981
100259
1463407
2267456
1009234
2064051
1373659
11950
1987175
1283615
558570
1471413
12250
1188206
1996826
11625
1381652
1819028
2259192
11600
184927
1984131
185668
921286
280667
1119117
278848
374848
1720835
99844
919107
924285
2181699
11525
461620
12250
12225
1374652
1817134
184434
640031
2185303
739686
554178
11650
647440
1123619
12050
916188
2269123
1469595
1919640
2163206
1008613
185498
11975
1003833
1725056
1715337
1368870
1982766
1382856
835122
463838
11900
11689
1573012
12225
561081
2086312
11625
831409
11400
557189
1995445
1913333
12075
11948
1560565
1011582
1014561
1193954
1370640
459985
12100
1379457
11800
278873
11564
278848
1114748
828679
1810635
279184
1174888
11975
1178475
12250
556368
640494
463168
910228
1900885
1729961
1117174
1994585
2158166
12125
464038
828544
736827
11900
11750
12150
1011101
12025
1810463
1289948
648965
11350
1377554
1983326
11925
2258227
1993852
637716
11725
1122159
12175
100134
11850
11750
2169318
11650
1661557
459383
1570653
185048
1284993
185223
463518
2255171
11975
557967
280657
830903
2000361
100459
1657761
12366
1372085
12150
736114
11700
11525
11700
646078
1651483
1646818
375905
461262
11900
11537
2157988
12000
374279
1901501
643293
11925
1370496
11550
12000
1726206
11750
1657186
11650
11900
11407
11525
12150
1289669
1190133
1825066
1113599
12075
1568081
278984
11575
11450
11850
651545
641709
12191
12375
1462549
11850
1565960
1658789
1981787
100207
1282299
12250
1897278
2094051
1905091
1008220
100559
1912641
1279645
1646841
462215
11850
1381750
1461531
11405
2167119
100259
2075161
11762
378026
185448
278634
185298
185048
11900
637941
742795
1824976
1823249
1284135
1818175
11900
11775
12250
1726871
1114183
1386982
11675
1903343
1384595
731683
12000
1557838
11400
11475
371719
1653312
1909037
11450
1283432
732014
11950
1725671
1116749
1994820
833064
1575008
1724866
11850
99844
555650
11662
279059
11850
556160
2070959
11775
277088
922226
1462585
11525
12275
11600
1660372
101179
11700
1106800
12100
1802097
12375
1569948
2163002
1647001
11975
920365
1292783
651420
1992035
12025
11725
1175288
1008702
2001646
1808607
11450
1981792
372147
640090
1117596
12200
11500
1107798
733515
2255596
12032
281207
279892
11850
185598
278884
1990080
1982192
1563568
1460467
11875
1380025
11889
1116892
1112238
2166941
1728217
374798
11850
11375
12175
460731
1470172
1283107
11600
11700
1562086
11525
11500
1566975
12175
2254656
11800
11425
739491
732085
559661
462557
2183829
1010489
12150
1722070
1190758
11575
918111
277350
12125
1006139
1469476
11725
1275066
2168772
1111326
1988281
1188359
733919
1821246
11750
831541
1289445
1458962
1006257
826204
11675
11525
12071
1112302
1465755
11700
278934
1569272
12125
1643717
183972
1640361
11530
12175
917899
2261537
11625
558958
1721465
11825
2261114
2075262
648790
1641324
11675
1462378
12050
11900
12150
734645
1008582
11900
461386
184016
556754
1288260
11650
558042
12050
462970
1288225
12150
2255998
915218
2168600
12325
1368021
11500
646021
1377579
99809
1724245
2175992
462407
916215
733894
1732393
1380459
1650794
185735
1388384
11925
825652
2003219
1905990
12125
12225
11625
11800
11475
1010944
1117058
11575
647813
11425
556579
377936
1461994
835419
12046
1108042
11464
11953
1709488
100604
1284068
374423
917351
12125
1382756
1190008
910128
552283
1275034
1730748
2265348
739254
11900
1287692
11950
12225
1553497
1563210
830528
1985803
11525
12225
11425
12150
1367982
185140
1376534
558509
463093
11450
12175
1372620
11650
11850
100509
1004221
1107983
1724099
1916436
12075
1002596
914959
921611
11800
1183824
1646228
1817380
2263380
1651539
12191
1114135
1725832
1988209
460490
912058
11764
11600
1720576
99871
11950
1899324
2173581
1010326
11950
12178
11550
2157082
1993293
916615
100434
1276551
12025
1977038
555475
11473
11475
1726106
1462824
11975
1378416
552729
99803
279484
2247660
11825
12100
1820205
375159
459349
12030
2176664
2254319
1651865
1112765
1649999
1285803
280907
1722758
1464041
183963
1462360
1286871
921186
11825
1903145
830287
99809
646813
11725
12225
2275899
12000
1107433
11425
185523
831416
11775
11800
277495
11548
12025
11925
917741
1290614
1008526
11473
12139
1286271
1474501
11850
1812715
825782
12050
11875
829074
1818654
12175
100504
11825
553490
2068778
99809
11825
11350
1569190
11525
11900
11700
1813827
2170800
1554634
11900
642854
2167649
1112059
463368
1461038
558725
11325
99541
375409
11775
2074087
1114123
279064
917135
1112572
922739
11625
645526
11450
1015639
1650439
1997990
12146
1181416
2168968
11525
11550
11600
1571641
1649961
1727235
2263574
1190778
1276132
561844
12025
11682
1906523
462675
374773
11825
2166212
1566938
185648
1898335
739786
560186
99909
1294923
1370432
1188296
1717563
1718773
1013521
100184
2260274
11675
12050
731981
560219
2161609
277368
1473208
1985436
11850
1721636
11550
2167113
917351
1912631
1552879
463043
11475
11325
1293133
12225
377388
829420
1648537
375559
2006071
1012275
1372459
12175
1726081
1003674
277309
1468681
1819595
277531
11625
11450
1116781
11875
11725
2004482
1452505
735639
184536
640408
11675
100409
2165978
1457949
910846
1556416
736327
1018543
12125
461602
465272
645045
836385
1642617
11425
1456993
1731914
11650
1182906
12198
919650
11375
11750
100779
100629
1575101
1180557
185048
100209
1570606
734269
732844
1554911
1822887
11675
1571751
99959
2168994
1275533
11375
99455
184113
100009
281132
1283182
1911955
834380
11700
1989125
1374638
460715
100203
375259
11548
1715775
278098
1819641
12200
279244
186068
11503
1107674
2261889
835350
1378519
12050
1453269
733305
647867
1823875
1983576
1715628
1176160
374315
1986966
1387207
1716822
2086080
832422
1805667
459667
184663
11575
1719595
12182
1018343
11923
739391
11450
828879
463468
919332
834755
184079
462857
1173080
1285124
12000
12275
1574933
12000
11907
12150
1372399
279259
1387007
1466331
646151
736377
1561842
1388899
11950
1831137
1653569
556291
278834
11525
1378065
278573
2266343
1919306
11525
1976934
12225
184645
1287614
1639558
11950
12175
827232
100284
1985148
1654091
11875
2167823
554846
12187
1113753
1284351
277061
1121139
1174422
1117900
827923
1182043
2251025
12048
645750
1110026
12200
1561247
279184
1807989
1369170
11530
12125
556641
377063
913079
1466634
2173956
1120889
12200
1570162
1559848
1002103
1904525
2168013
1001951
918882
1813108
11825
1011101
460176
11375
1651145
1281174
11505
1817739
1911143
1637426
11550
914998
1820170
11725
1910280
1282473
12000
12000
644720
373520
1825826
2166290
1190233
12091
834580
556718
463368
185204
1714621
638450
2257015
11550
12025
1656347
11671
11825
11650
12150
1180732
1713478
1655436
2168238
2267419
99830
11800
11750
1010401
11650
11850
1652191
1293653
1463399
1117176
375409
11550
1563982
1012161
11850
1290510
11600
1727758
1369137
1293158
1806219
1643378
1109830
11525
100754
12250
185773
100234
1638744
374776
12075
462632
1465397
11500
1191353
11825
1902023
1372922
2258917
827304
2175056
1293083
1918511
11925
827322
12375
1722633
12025
916045
1473228
1287171
1287413
12266
736852
1467845
11739
11725
11664
11550
12175
829594
11600
1806740
1456939
2081854
463057
1898626
1176203
647260
1381858
11625
461570
1574408
11600
642244
1559940
185818
1002248
100359
830279
12105
11825
1179400
1016534
11925
11450
2175105
12275
2079584
11525
2263911
739166
1113288
185248
1462612
1816509
1656397
375009
554956
2263464
1188730
11366
643418
1657780
12050
11916
1719926
2174838
12205
185198
1009682
645726
1113499
12050
1815486
99705
828039
1118970
1899135
280692
2167625
1389312
559173
12175
1999797
11900
1285230
11625
100484
1897653
1279141
1994282
1895739
1569220
652686
12130
1643977
11775
2156417
11525
11375
2088735
279084
1897762
11725
11757
1007821
11375
1564510
1918704
648740
100584
2177410
558500
1655711
11825
375359
11975
1455898
1553851
279159
11750
185348
461211
11625
1923725
465597
641931
1118914
1990819
2252571
279697
459951
12250
99959
742071
100159
2264079
1378468
11557
923259
1916932
2260187
828368
11825
100034
924994
2170704
11757
12207
276254
1563991
12250
1284118
1924961
1184009
2082348
1380363
12116
1896114
1118525
649585
11725
825217
11475
377978
918832
1009920
1008535
1374670
11700
1921018
1911139
558616
1555840
11625
11975
11600
12000
11650
1567528
2166359
733694
11950
2170814
1912901
1382733
1175862
1815310
2264668
12050
2249921
1011444
1986466
1571826
1015289
11646
12250
184143
12175
2167728
11600
2257700
1001989
185523
641909
830365
2164982
739904
11800
12300
1910129
2082926
2174665
11475
11725
12100
11800
99814
375559
12025
11925
1466814
12250
12250
1375909
11700
644204
1648974
1558022
1722084
11787
12348
12275
1919941
11862
12166
11825
1905463
558362
1734307
1817471
916284
12225
741896
1476342
12153
11650
1110543
1275257
1565273
12307
101029
2164472
2172843
11816
1292489
12100
371881
12125
11550
2073455
921400
1185087
11475
1187644
1175970
12225
11750
12200
1002246
11914
11700
642378
1180440
645313
12275
12150
1112568
1008959
1466055
827908
1015176
11648
2177534
1826129
728237
640022
1105097
12075
1467289
11650
11600
12100
11932
652611
11600
1189695
463793
1462148
1009960
11675
1185339
1007621
11575
11600
1726606
1387752
836545
11675
11925
1012325
279159
1464139
11500
11625
12291
186093
1120361
11950
1377260
11625
1462473
914450
11925
1998103
1378266
11750
1017819
2255006
1119493
11900
1288164
1565696
11825
11850
642193
558017
1463619
12025
1185763
729989
2174774
11875
1575578
921386
2175990
100329
1377065
11575
1011673
11600
1713876
11500
1465563
1660294
1385151
1920880
11725
1462385
11775
99784
12050
12000
556218
1726129
11900
917385
643743
1803372
1282648
1578442
12025
376043
11525
1015379
12023
280392
1113724
1719490
918161
12025
1991319
1988341
1294788
1463223
11700
11875
11425
1900262
1280657
2171682
12100
183959
1563843
11700
11775
648452
922789
1462260
11525
1820544
1564062
734237
11425
553079
1643278
12100
11800
12039
1724143
1650550
1562634
1643951
1007091
828068
463132
1641104
11750
11475
1820216
12100
2264973
11525
1009059
11575
1646817
12066
1187644
736077
1818910
1184848
278659
553133
1387107
916259
99194
1993618
1107399
1112307
1456305
11900
100434
12150
11589
1818404
1637737
11625
464964
12275
556904
11975
11557
99734
1570379
185718
733144
1018144
463768
11950
1564518
824873
11775
11675
463032
741470
1287049
11650
11950
2275899
2084890
1711317
12275
736822
11550
377063
12025
11875
11600
374802
1380460
1114064
464409
1112109
11575
12150
1461680
11650
279942
918932
11900
12075
1578025
1011020
11450
1570667
2275879
1651270
649782
2172069
1819583
1461015
11425
1284106
2091596
183809
11575
1292933
280167
11550
462582
916595
1567134
100434
1656489
11500
11600
11475
736027
557642
184438
11575
11400
916469
1458095
12080
1824925
2265581
1986186
1280150
2077562
1648574
2277848
11550
1187119
828572
1458421
1721552
1808040
12275
912654
559373
2162870
11675
1722890
278823
185893
2269711
1911849
1807371
1896984
12275
11575
11350
12225
2075271
462507
913019
463118
11375
1730417
462407
910187
100184
559548
11825
1998706
11500
559403
11900
11725
278734
1173100
12075
185548
11950
11525
2160864
12250
2001297
556779
1655945
1815480
1572637
12050
1190058
2001110
729596
11675
553692
12025
11741
2264566
11689
1656222
1908976
824655
11675
1469701
828293
11500
12200
2091553
12100
1911075
647295
12205
2164548
185943
1813375
1565209
735382
1285294
1814791
828313
1644051
11550
1001384
185823
1123843
12025
11750
460744
1111085
278848
1451871
1282173
1014561
12200
379193
1291205
185098
11955
376618
1566752
11600
2156828
11525
830160
11950
12375
1464713
461781
374734
12100
11550
829229
1910263
1378337
1991478
1108166
11775
1821736
11975
920345
2254615
462486
12032
1903714
11825
1727694
185188
1726275
12175
1182182
11975
11900
11575
1389462
1383305
11800
11925
1285935
1817894
11725
11800
642243
12200
1811307
1188305
1563475
1714988
1712858
1906342
558534
12075
2179190
11750
11457
1466544
1728940
184491
11750
11725
1812935
909623
831391
822746
372883
1913989
826114
1903971
11475
465322
11425
11525
2081370
11975
11525
828568
1809703
1004153
2180087
1661042
276732
2168911
12025
12075
831216
1383480
185673
11475
1191203
1638886
1997356
1471938
11725
1818214
12025
276875
11625
373471
184584
1292458
829324
553144
2070512
464922
373854
1636687
1982901
1655768
1008095
638382
12050
12025
11500
2006139
11582
1375057
919925
2162035
1473305
12100
1908761
11573
1982728
2078593
11730
2270506
1652921
1112963
1571751
11775
280667
11550
737705
11675
280192
461345
909077
1013260
2270354
11825
278734
185098
12225
1984079
1822611
1372907
183918
462356
730490
11950
1716292
1994458
12175
1980724
2171076
553513
12100
727553
2083078
1007534
2257215
12150
2256831
738150
2085237
12000
1456834
1912654
1814095
11500
100084
11575
2184880
647962
821955
1985589
184940
1989516
2261645
558055
11500
1113363
1182095
1568430
464834
2252965
11850
11400
2006506
821998
828257
733380
1282075
11775
911143
11900
1727861
734377
1642441
185273
1810027
11625
11625
2172634
11750
1912532
11500
1982383
1001500
2067080
1018893
1564635
2152479
1908284
11550
1107517
11550
1978928
12050
1919263
1809100
12300
556011
184359
11475
2179837
1809315
649685
11675
185623
1909607
740236
99482
12275
1275032
12223
1912410
2086420
100259
2177502
1555032
11550
1903523
734466
11775
99432
11825
12250
12125
918369
1010876
11582
11650
560731
280632
1008934
462483
374538
1374408
642529
99369
185373
1182357
1114066
12257
11400
2255295
11475
1654495
1649362
11450
1107712
1654583
2078535
11650
100434
1806997
278859
1914922
1008784
11700
376105
11775
11725
1183031
1173178
11875
279397
1000809
2086476
12250
1903402
1011248
1827103
829117
2171836
12125
11753
922464
1815076
466680
101154
11550
11775
185061
1109855
737297
100309
462532
12175
1286199
11650
12025
2255854
1284675
11850
1914382
11625
1722104
185184
556568
1373755
11500
1289443
1648117
1556296
11525
648973
1638148
1454665
11791
12100
11975
736970
1732557
460708
1462041
1574333
11725
11575
11800
645651
830157
11625
1999588
12175
557479
1109795
1643805
12262
11675
373370
1458650
100184
12325
914734
186043
1372603
1009101
1990128
736302
1116420
1373507
1904541
461102
560361
374498
12325
11775
372351
554923
376738
733255
12089
1379462
462582
2273786
1011764
372344
2082767
738978
375459
2253839
11450
1712249
99869
278909
278734
2069204
919125
12307
12250
99780
12150
12050
1182819
2258667
739841
1990014
1916939
1999625
1005091
11650
731867
1721311
278240
464972
2084698
1456659
1115323
1984138
2079097
11950
644195
1654838
1651175
12225
12025
911423
12325
1659982
11450
1378709
11525
1000730
1175547
185523
374236
1641360
1011761
11350
12000
12225
1011717
557842
11775
831491
11680
1730106
835300
1381264
11475
11625
12325
12150
12100
2081898
11675
12275
100234
12250
1452625
12200
12175
1014461
1986458
830603
643118
11700
1452766
12050
12025
100384
100604
650473
12225
736530
278673
2265288
11521
12000
1554250
1715703
822307
12175
1466005
1009326
1462890
100059
641242
1715695
12075
2279072
1808702
185918
99748
644495
1911149
100509
1555621
184300
11650
185348
1557681
1462300
12150
557104
917526
11950
100034
185070
11625
12150
11500
11700
1188014
915278
374890
12175
185448
1819881
11525
1290439
645883
733794
1190828
11850
1573350
1820444
728525
1385756
1642657
11850
923535
375034
12225
463168
1907367
1992096
1007709
910228
12150
371944
12175
1558038
2154078
1005344
11450
280607
466730
1466431
11525
918792
831116
1812935
184341
1916917
12100
11900
2264932
1387685
11475
1388997
1113827
100550
1989990
1455196
1009116
373001
466117
2079664
831009
825330
1295513
1818266
11625
912028
1638650
825436
12100
11675
12025
378326
1472233
2267556
11925
12025
638848
2162296
12100
2258663
1373306
2249009
11550
2262458
11625
12023
1654651
2080162
2158591
1807901
1002344
464238
12325
11600
2250466
1111788
11632
12100
1118072
185818
1720456
2066200
1724879
2075299
1917731
11700
1281437
924029
460097
11900
11800
11925
11300
915809
12225
922884
733744
727593
11525
2174649
185148
12300
466017
735758
11937
1182943
461388
11875
11975
12200
11925
1647981
373718
2084040
1554691
375059
99891
1657011
11650
11725
915573
728758
11550
466680
374723
2005285
11400
12100
2173603
1180448
2077804
1455748
1825439
12000
2087475
2079276
1107375
1464695
1184122
12200
12075
11850
740286
2167220
466715
1564031
373094
11382
11400
1556368
830891
740333
1995942
12162
11700
1283932
2170404
11975
12246
1812839
2154628
11950
11800
185473
1811446
2156908
1191028
278123
1807080
11675
641209
280072
11707
99734
372333
11800
12312
278148
1173182
11925
1173678
2065607
1899097
1182082
463343
733071
1638351
11825
11750
917867
11700
11825
1456995
2172778
184177
1814851
11528
1116170
1908405
1118075
460090
557867
727598
1720551
12025
11975
1284632
279579
1732305
11850
1113053
1470425
11675
11950
2002649
12100
1909568
12066
11925
276811
12050
1662590
1283150
1113655
278784
1457910
11950
2086050
1819618
462932
1922280
100704
558983
1917281
375184
12100
1370385
2180779
12250
185098
1807121
459358
1184494
1895807
1560943
2174376
1647870
465547
11948
11975
1372950
732919
11550
11939
1827763
1727598
2088466
1186495
11750
1997840
2087303
11650
11525
2079610
2168959
1640467
836545
918594
559398
1816459
1829591
11950
1815369
1655872
11825
12075
828436
100059
2168337
924894
2155049
831854
1643906
829044
1385723
11650
1113558
643108
11925
1285044
1179995
100159
1112313
735346
1456375
1182757
2261993
461593
1284057
1720765
11623
462968
2085904
1659647
11907
12075
1385918
465147
641540
637662
11950
1898085
1465363
100266
12075
1375283
730367
1455080
11925
463082
1373718
11650
459524
912700
1564427
11800
12225
2263874
1112456
1292733
1813525
1187642
1121659
649885
279134
1018543
1824920
838026
1460918
826254
1176681
2280361
1660767
2173822
277947
2260681
2003693
11925
11648
1190553
642965
1896386
12125
11900
374648
99812
732954
1386582
11625
11507
11675
11800
99984
1012725
2170665
99778
459960
1912382
1276692
821402
730906
11575
2254583
11650
1553329
1647400
2082361
1004886
12150
376168
11775
12100
1658137
11875
1007559
1377987
1010966
278734
11800
185098
1718282
374898
11480
1008520
11575
459738
1714410
11850
372890
643318
12082
12050
834330
910014
1369503
11825
1821271
1922977
1181568
1011569
647047
11875
11450
100854
276738
1723460
2178757
12175
11948
1385419
1563734
11450
11400
12200
12000
11775
186118
11600
1466688
12225
1899003
377926
916985
12225
1821075
1386857
1720438
642143
279084
11775
644925
832924
645038
1377693
1563460
1984316
11350
186168
1461181
1287197
1112424
560781
1818779
1112281
1655992
463681
1294198
462932
1720813
1115036
1120839
11500
278523
829752
1823902
186243
1290591
11500
11550
831716
466067
11675
1900071
556018
11525
834380
1457584
99834
11750
739416
12150
11650
1458574
2004029
556693
11550
1646198
1381455
459969
11550
1468299
11675
12125
1464931
1174756
11775
1187786
1459251
377088
11825
1811093
11475
1573788
11673
12050
1898037
11400
2162165
1574808
11950
11975
1006273
11700
1174849
1722201
1575548
1716665
11575
1283743
553583
1003216
641208
1467187
1119543
1464160
11800
1192938
11750
552965
11471
12225
1647595
1182808
1458895
1993612
11450
916220
1719876
1188039
836760
11650
2166432
185048
1905881
12050
11725
559076
11300
736802
1568805
11750
2082686
11575
12175
100234
11516
2264807
1570172
1189005
2245957
11375
1652305
734369
1655847
11400
11625
278884
740708
1815282
732444
2076991
644888
11625
375009
11575
277679
2079417
372619
1279745
99182
734482
1377679
11532
1718684
2162715
644354
100754
1112464
1996478
11732
375522
461281
1291382
1983190
1462342
11325
1719811
2167737
11500
11825
11800
1369071
1719290
1186410
557429
100379
185448
373056
2164478
2168530
833661
12100
1004955
11775
459722
558612
1370262
1188314
11875
2261920
640119
1184205
827196
11875
11600
374909
734605
11650
12075
1643776
1982257
100484
12050
2267346
1382331
1475667
1378591
2174763
11862
2173292
1186470
278273
185693
12125
11764
830937
1112619
12330
1463982
1722284
1115932
559911
12175
1112414
100459
1812272
185048
1999301
11550
1646464
11825
462592
377163
11400
1717438
1010860
2076518
1452734
1459698
1919151
373558
278273
185748
1286946
11500
1725613
11975
734369
1805974
11875
2264637
1573175
1109372
2008891
1726924
1811991
1179743
916009
11575
1643727
372992
1122704
1018318
1008070
100309
1647006
1638426
11900
1274512
11689
11557
826774
920472
1656058
100454
1112863
99848
643543
1577126
277293
12291
1902443
12275
1112472
1282270
11691
2178376
11450
640592
185013
11614
11839
11350
1011782
2177067
11525
2165619
1124393
12187
1460388
464159
1452696
11800
559861
919452
1922530
12175
1010395
1008834
1652912
11775
1182351
2268848
462732
1008695
185048
1179136
11600
1014386
11500
1188659
1106198
11675
731231
1008609
1468381
12075
11450
11675
1907317
99469
2165451
1466263
279484
1008959
1471488
11766
1819454
1283456
185323
11575
2178088
1121114
1180757
2265543
1714891
832777
554770
11725
824793
1290000
12050
11648
2265384
831662
11525
11689
1724580
11550
1995279
2177223
1563759
11475
638808
644871
1182332
376268
1828649
1461324
11700
1721365
375375
101179
1642605
1460565
1294025
11850
11775
1287614
1283876
11525
11900
1831037
1828549
914229
1897285
11823
12175
1113038
1183358
1290520
1727789
11925
2090058
2082222
2257671
1005534
1981481
1121039
1921118
1999114
1464681
2164073
184391
12275
11775
11500
279384
100359
100534
11675
1114730
12082
11800
11850
277552
1725807
1172469
100954
463043
185265
11500
460794
460060
1111688
917469
1560327
12125
1281690
1287556
1909173
12214
1566545
1903075
736822
644870
1285151
556734
2260164
648130
11575
1283918
11600
1285633
1819022
12175
185598
1280077
278348
185598
100584
462943
11600
1980956
1004332
375554
464789
913284
11850
2084334
11975
1117119
1104914
1114132
2163988
11750
555366
1114825
372583
826180
642568
1906529
1190678
12050
375084
11875
648545
1905120
1563734
11575
2065888
738603
644895
2163950
1009259
1993756
1387577
647042
11525
185273
12100
375484
1187659
1567280
832206
1657812
11707
826771
555273
11650
2171316
184316
2156201
12216
1121489
2080405
12025
1186641
914734
